v,t,tdiff,log
4,0,0,1.386294361
3.75,14.36,14.36,1.32175584
3.5,32.74,18.38,1.252762968
3.25,53.1,20.36,1.178654996
3,74.83,21.73,1.098612289
2.75,98.71,23.88,1.011600912
2.5,124.25,25.54,0.9162907319
2.25,154.49,30.24,0.8109302162
2,187.40,32.91,0.6931471806
1.75,224.9,37.5,0.5596157879
1.5,268.2,43.3,0.4054651081
1.25,320.02,51.82,0.2231435513
1,383.32,63.3,0
0.75,465.78,82.46,-0.2876820725
0.5,582.74,116.9,-0.6931471806